#################
Comparando Buscas

       Tamanho vetor              Linear             Binaria    Linear Recursiva   Binaria Recursiva
                 100            0.000003            0.000002            0.000004            0.000002
                1000            0.000008            0.000002            0.000080            0.000001
               10000            0.000073            0.000001            0.000839            0.000001
               40000            0.000286            0.000002            0.003021            0.000002
               80000            0.000577            0.000002            0.003623            0.000001
              200000            0.000519            0.000000            0.008325            0.000002
             1000000            0.002668            0.000001            0.063370            0.000001
             2000000            0.005281            0.000001            0.093105            0.000002

#################
Comparando Sorts

       Tamanho vetor              Bubble           Selection           Insertion
                 100            0.000029            0.000016            0.000011
                1000            0.003149            0.001214            0.000890
               10000            0.321259            0.114675            0.084125
               40000            5.285713            1.859682            1.367039
               80000           21.391513            7.923114            6.100064
              200000          134.357018           48.397118           36.453897
